12894120
13942150
7304344
12621947
12586864
11133661
5069913
6037121
8642224
4211179
1375479
9671048
7246165
12544475
4450549
7849422
10542408
12214401
11087123
7317377
13021141
10738928
13663757
6752116
8684540
13340841
6186473
2931858
9768438
8379046
7260438
8925266
15844415
6867235
9041586
8934975
9048451
9113955
9529504
11664177
10540735
15776185
9700990
12295635
195946
513834
8720555
1929336
8694649
8576168
14423262
6180024
7286850
5028866
7318863
9908055
11158588
10556718
14190991
13054446
10151149
11069680
3263816
14093030
11694276
7306698
8250678
9742934
14888056
11315427
10523842
11404841
4533507
2181508
8567036
11159223
13399705
15947296
11115513
8558578
8134650
12900042
4833654
9459332
11216472
4166621
8968772
4810150
11207771
4495778
13811400
15828159
6497601
10313176
9896619
13273779
9532199
12278022
14591972
12187039
14544810
12755411
10080805
11386137
14585300
13051350
6193165
4628759
13592970
12936012
12392840
3367798
13625115
6175459
8931788