10696707
10540368
6185083
11247298
65724
13360768
14233342
11373924
9472628
11863699
13187997
14670668
11968058
8501380
11753018
5642989
8811695
6761832
12725421
15753462
12654779
11236829
14306726
7572142
1576095
13472706
9160118
6839722
13576147
9026563
16468962
10898621
15174223
7253252
11238501
9409456
9189444
12917829
7109287
10242297
12513448
12586864
9623928
13210231
17908964
11625617
8793773
7080063
13663757
11499752
4715184
4876699
9964045
5301791
9552883
5099222
8624433
10157316
4579132
10393606
1375479
4487551
9388217
9066390
12341059
7405208
10678230
13338645
13354367
14245127
15035633
15756120
14178967
11133352
11259611
11080606
6187838
7673299
6997209
10811226
3807675
7766552
11281246
4192103
14455536
18782031
8825208
10100437
9014584
13382147
3428908
8782656
8250228
11787977
14213383
14743871
15910488
7745408
4679055
9444174
5183940
5235218
4381142
7859738
13377652
12304069
10945523
10944966
9630674
7740118
10055648
5750235
8916149
11328112
12664851
15562344
10593915
11447670
15625687
12532112
4848294
11431349
9209185
11430587
15776185
1934077
12239110
14295411
15548876
4726691
10373568
7420894
12712916
3910006
13930396
11252985
12791287
9504954
9343460
7424754
10553827
7609510
9059265
11654310
10819978
16870002
14888056
15210942
3003778
2601122
13656264
11667189
14134289
13780807
12621947
16137157
3290734
15391485
8324386
13603342
16011592
7821748
10137329
6362259
13643601
9481266
13579078
11196445
11273333
7958845
6193819
4565040
14581544
11392859
10069307
14714826
14230684
16005504
14588134
14193228
6372345
13398090
8346342
13122043
5833779
16629204