77355263
77355256
77356378
77356806
77363514
77366193
77369066
77370964
77371086
77372252
77373051
77391160
77381644
77385259
77389025
77393637
77413884
77426356
77428197
77430695
77445856
77447479
77452015
77451942
77461829
77462850
77467680
77474340
77477979
77728586
77879438
77922577
77942197
77953011
77955821
77957618
77958785
77959873
77972980
77986628
77991422
77995937
78000491
78008232
78010434
78011725
78014136
78019150
78024721
78042497
78045548
78045943
78047764
78050280
78053242
78068419
78071588
78078778