78546358
78551378
78551443
78554545
78554516
78558025
78565622
78568435
78567971
78573181
78572703
78575784
78576948
78580255
78605757
78611187
78619841
78619002
78622601
78621860
78641158
78648418
78654469
78660835
78660352
78664293
78663760
78667716
78668593
78671590
78671449
78675148
78674977
78678797
78678852
78682547
78682994
79181839
79182144
79203403
79210134
79216458
79218712
79222234
79222894
79222261
79240564
79246149
79246158
79250668
79257447
79264924
79270394
79275638
79275942
79278734
79300252
79302863
79303004
79306111
79311806
79315345
79315500
79322516
79322875
79326982
79331692
79335804
79339599
79339589