10072733
2288363
15806513
13385865
13390529
18271627
10804091
1149319
13545528
10629473
12452131
12054898
12489832
9530019
12689667
7341471
15832551
11188249
12599154
5919873
13347579
10745260
10235085
14551764
12206447
5156656
1489811
11888159
6699923
5691061
13235067
16768803
11517895
11964257
15391485
8553078
13993659
10015908
12657177
15216030
8655604
13975661
17213280
10659178
12297375
13921965
13847951
12093536
16011592
16021427
2288341
16468962
9895650
14593518
11799103
11898245
7097990
10055204
15063813
15548876
15194755
8410575
18248094
14727263
12660835
24144271
16314282
5331420
10658391
7128063
14351334
16557619
14324153
9409456
17699745
10450696
13377652
3840946
3807675
16140674
19807002
20288785
15933630
6701738
8209312
14138696
5766307
13821222
10884561
18520056
11939641
5639725
10244829
17700741
6771608
15727775
8461297
4690822
14134289
14332005
10395139
18560307
9627666
9821346
11306351
20051971
10595982
5183940
16162078
7958845
20459395
16562681
9552883
22454729
16020685
16721166
12239110
14952379
20413635
10475605
17483369
10242297
10416995
10615367
19838168
23643731
18111392
18265431
18084091
8624433
11625617
6083660
11817622
13692007
10010130
19385702
20484675
7745408
19584781
12586864
8782656
12642757
16487992
12865817
2966032
5527957
6291395
13330017
9481266
16918149
3359035
3262821
17742286
3181281
2934698
11507629
19175715
21599285
9066390
4381142
25212720
14703342
15270411
6761832
10739680
17480973
22645272
12300501
13981991
766445
7440728
15440118
16481146
18481445
11314928
18188796
16855044
13214352
20599160
12304069
4876699
17535363
5420382
7420894
19727643
22616674
4502231
10648440
12527094
7536259
10693242
12722626
22609780
9399402
16845339
18742514
23053205
8405046
14207884
21645817
7572142
19678757
17194567
12039847
19441759
26658829
14283669
1016926
23971968
23621203
17651938
15150168
11980833
21751819
23844798
14692926
10981171
13554099
15470738
10192760
8916149
7267807
12958942
20148948
18334455
11345268
25438290
13686468
14843745
8497680
16124906
18240388
24745181
17823779
25300442
11000747
6037121
17735949
18487524
4848068
3564551
23414710
17776109
11202866
13645885
19346652
27892904
9853595
169992
4980256
4469895
8132964
11626065
8684540
1375479
4693052
18834550
7616811
5492871
11253722
15756120
8976576
443656
8612061
4247722
7720204
1388767
3187959
8720555
15503384
3964918