61693654
61722020
61724343
61724968
61730442
61730416
61731598
61732877
61732885
61734498
61734618
61736497
61738170
61740815
61742954
61745339
61746644
61747095
61749097
61749114
61753136
61755054
61756801
61760873
61764667
61765803
61768124
61770347
61773198
61773310
61773358
61774913
61774758
61777267
61778603
61780332
61782504
61782478
61782224
61784077
61788267
61790159
61990141
61995644
61995676
61996105
61996904
61998049
61997949
62001741
62005251
62007139
62006892
62007805
62009285
62009462
62009678
62009386
62011690
62011708
62013814
62016029
62016097
62024936
62032304
62042481
62042491
62045696
62045375
62045670
62047520
62047440
62049540
62053521
62053532
62055621
62057586
62065098