2284328
6183047
8916324
10015908
7306522
8655604
8756421
9274711
7294830
3909293
8479894
14797411
4089441
9207126
9388217
11370189
4579132
13942150
8624433
4056690
4989818
14269686
14015337
15752211
12725421
16892459
13431947
2831793
16487992
9066390
14399079
17036270
5724831
12562897
15452628
4070217
1375479
13495170
10044211
8786090
10898621
2735466
13540229
16003019
14062518
3317042
11158588
10247148
9163590
5714473
14535598
19372379
6333898
11818585
13984214
4107782
8933490
9026563
13661408
8184715
17538478
2206208
11345268
4426908
12108232
8653877
15126172
18490693
14234375