10072733
2288363
9895650
11517895
2288341
10879600
10083439
4980256
10242062
10015908
11888159
12028216
5156656
7341471
169992
8624433
2656302
19392649
14113974
11937337
3799946
13858488
7128063
11636434
13347579
12562107
10055204
1489811
15806513
11179361
5243536
13226626
8902097
13802345
13712190
12657177
6117525
10960533
10279743
8655604
8501380
6701738
5063207
4116072
15225195
7387788
14245127
10416995
4168230
10658391
1626983
12297375
9423766
7672414
13470043
11959687
8553078
9388217
11236829
9683287
743282
8612061
15753462
13382147
9786011
7762488
16837177
3840946
5183940
9872668
5766307
13111686
10540515
8103540
3104108
5919873
7025841
7294830
16768803
14134289
5331420
8160564
10629473
11313227
5125822
8111953
3181281
15210942
11198186
13581430
10945523
11341964
12917829
8410575
2883132
9472628
19804607
15063813
12561379
8782656
10055648
5833779
14593518
13821222
9499508
7080063
14833226
6165105
12239110
3807675
11939641
6761832
11771029
14324153
6537441
7093698
11968058
2235750
12206447
9409456
10069307
4381142
17699745
11625617
17057515
7420894
14762260
17802217