10132430
4477497
4980256
8677684
8902097
10001325
9527845
9920067
2235750
8521723
3104108
5748843
6699923
3799946
13385865
5691061
7860283
3072763
11888159
10494860
7233032
11918602
3840946
4725379
8035172
2124783
4168230
7312402
6719880
10879600
6504254
5156656
13594708
6694908
9872668
9218461
7837147
3359035
9895650
6537441
2894654
7672414
11859958
8454236
7294830
9201507
10658391
8859756
11517895
12528267
6114633
10494876
4585260
8224116
1340272
8160564
10416995
9423766
12297375
13894943
12393014
11429144
9049282
10450696
7387788
10629411
8624433
5099222
9388217
8611177
10540368
12815564
9374607
12852613
5183940
5193488
10213428
10595982
15154343
6177263
5750235
372954
14213383
1576095
6375534
8782656
15716061
4876699
7082921
11080606
8493070
12161151
12239110
7420894
4565040
10874110
7740118
13382147
2486125
13360768
5115492
6679329
14134289
10800918
6905790
15597537
12894120
9048451
6037121
14615992
9644154
10664186
13310563